Model	Replicate	log-likelihood	AIC	chi-squared	theta	optimized_params(nu1, nu2, T)
no_mig	Round_1_Replicate_1	-39521.59	79049.18	77305.72	172091.2	0.2561,0.3314,0.0929
no_mig	Round_1_Replicate_2	-44915.95	89837.9	146049.54	139912.01	0.48,1.2467,0.1453
no_mig	Round_1_Replicate_3	-195899.17	391804.34	6193080.55	145467.2	0.502,4.5696,0.0518
no_mig	Round_1_Replicate_4	-251796.3	503598.6	1024359.66	84788.74	3.7418,0.5487,0.8137
no_mig	Round_1_Replicate_5	-125701.14	251408.28	1496251.67	89715.51	2.9899,4.1857,0.3748
no_mig	Round_1_Replicate_6	-176206.74	352419.48	5300838.07	129120.38	1.7792,1.9448,0.1131
no_mig	Round_1_Replicate_7	-72779.83	145565.66	191223.9	157942.77	0.1994,0.993,0.0877
no_mig	Round_1_Replicate_8	-109841.29	219688.58	366354.18	164020.46	0.1161,1.0451,0.0393
no_mig	Round_1_Replicate_9	-190000.95	380007.9	6068473.69	127021.95	4.3241,1.2903,0.1181
no_mig	Round_1_Replicate_10	-179491.14	358988.28	5683536.42	121393.58	1.5443,4.5696,0.1431
no_mig	Round_2_Replicate_1	-19502.65	39011.3	43327.25	135703.23	0.6483,0.8113,0.2352
no_mig	Round_2_Replicate_2	-26397.82	52801.64	59113.88	134583.75	0.8385,0.6208,0.2604
no_mig	Round_2_Replicate_3	-22942.14	45890.28	46901.94	148679.77	0.5242,0.5689,0.1799
no_mig	Round_2_Replicate_4	-33281.4	66568.8	66814.92	163868.69	0.3831,0.3601,0.114
no_mig	Round_2_Replicate_5	-27185.43	54376.86	77313.18	136738.92	0.7574,0.7981,0.1808
no_mig	Round_2_Replicate_6	-28966.2	57938.4	57017.15	159007.85	0.3734,0.4865,0.1439
no_mig	Round_2_Replicate_7	-20151.49	40308.98	49660.48	121900.75	0.9874,0.9775,0.2964
no_mig	Round_2_Replicate_8	-33202.65	66411.3	65701.24	165017.47	0.3561,0.3649,0.113
no_mig	Round_2_Replicate_9	-39219.4	78444.8	79313.27	169469.58	0.3108,0.3027,0.0879
no_mig	Round_2_Replicate_10	-31909.29	63824.58	63291.74	163343.43	0.3518,0.4021,0.1134
no_mig	Round_3_Replicate_1	-18795.74	37597.48	43933.19	129828.45	0.7703,0.8909,0.2577
no_mig	Round_3_Replicate_2	-18795.74	37597.48	43933.11	129828.1	0.7703,0.891,0.2577
no_mig	Round_3_Replicate_3	-18795.74	37597.48	43932.95	129829.29	0.7703,0.8909,0.2577
no_mig	Round_3_Replicate_4	-18795.74	37597.48	43932.54	129829.12	0.7702,0.8909,0.2577
no_mig	Round_3_Replicate_5	-18795.74	37597.48	43932.41	129830.04	0.7702,0.8909,0.2577
no_mig	Round_4_Replicate_1	-18795.74	37597.48	43933.28	129827.34	0.7703,0.891,0.2577
no_mig	Round_4_Replicate_2	-18795.74	37597.48	43932.89	129828.51	0.7702,0.891,0.2577
no_mig	Round_4_Replicate_3	-18795.74	37597.48	43932.71	129829.47	0.7703,0.8909,0.2577
no_mig	Round_4_Replicate_4	-18795.74	37597.48	43933.12	129827.52	0.7703,0.891,0.2577
no_mig	Round_4_Replicate_5	-18795.74	37597.48	43932.82	129830.04	0.7702,0.8909,0.2577
