cluster_534:1524736-1525813	chr1:1524736-1525813	1078	3	0.0758	0.000132	0.001742
cluster_975:2607916-2612357	chr1:2607916-2612357	4442	9	0.0869	0.000608	0.006998
cluster_1067:2850989-2854163	chr1:2850989-2854163	3175	7	0.0972	0.003948	0.040637
cluster_1128:3056277-3061197	chr1:3056277-3061197	4921	2	0.1032	0.000627	0.006076
cluster_1378:3773660-3775018	chr1:3773660-3775018	1359	1	0.0793	5.5e-05	0.000694
cluster_1611:4400319-4401536	chr1:4400319-4401536	1218	2	0.0801	0.000102	0.001274
cluster_2099:5779628-5781434	chr1:5779628-5781434	1807	4	0.0804	0.000214	0.002661
cluster_2388:6601482-6602675	chr1:6601482-6602675	1194	1	0.2109	0.065033	0.308347
cluster_2539:6925065-6929539	chr1:6925065-6929539	4475	1	0.0783	4.8e-05	0.000613
cluster_2617:7172339-7173677	chr1:7172339-7173677	1339	9	0.0779	0.000437	0.005611
cluster_2709:7403554-7405352	chr1:7403554-7405352	1799	9	0.0709	0.030107	0.424814
cluster_2850:7756148-7757538	chr1:7756148-7757538	1391	3	0.0835	0.000199	0.002382
cluster_3180:8634866-8636918	chr1:8634866-8636918	2053	3	0.0802	0.00012	0.001497
cluster_3312:9068608-9071473	chr1:9068608-9071473	2866	3	0.0818	0.00018	0.0022
cluster_3659:10324356-10326452	chr1:10324356-10326452	2097	1	0.0804	5.2e-05	0.000647
cluster_3684:10407005-10409399	chr1:10407005-10409399	2395	7	0.0784	0.000359	0.004579
cluster_3910:11045976-11049367	chr1:11045976-11049367	3392	9	0.0799	0.000383	0.004793
cluster_4077:11491527-11492312	chr1:11491527-11492312	786	3	0.0825	0.000175	0.002121
cluster_4133:11548426-11549367	chr1:11548426-11549367	942	3	0.0862	0.000229	0.002656
cluster_5108:13640956-13642215	chr1:13640956-13642215	1260	3	0.0788	0.000151	0.001916
cluster_5411:14351444-14352798	chr1:14351444-14352798	1355	7	0.1683	0.031338	0.186243
cluster_5587:14715394-14717770	chr1:14715394-14717770	2377	4	0.0832	0.000253	0.003041
cluster_5844:15270286-15271180	chr1:15270286-15271180	895	3	0.1253	0.002753	0.021965
cluster_6468:16752304-16753756	chr1:16752304-16753756	1453	5	0.0830	0.000287	0.003459
cluster_6510:16873272-16874730	chr1:16873272-16874730	1459	4	0.0768	0.000186	0.002421
cluster_6891:17705207-17707114	chr1:17705207-17707114	1908	8	0.0800	0.000389	0.004862
cluster_7177:18345594-18346816	chr1:18345594-18346816	1223	4	0.0859	0.001206	0.014044
cluster_7199:18386030-18387479	chr1:18386030-18387479	1450	2	0.0834	0.000125	0.001498
cluster_7738:19473402-19475096	chr1:19473402-19475096	1695	8	0.1087	0.007309	0.06724
cluster_8210:20531835-20532912	chr1:20531835-20532912	1078	1	0.0811	4.9e-05	0.000604
cluster_8211:20533413-20536626	chr1:20533413-20536626	3214	8	0.1944	0.049021	0.252106
cluster_8272:20647132-20648630	chr1:20647132-20648630	1499	4	0.0808	0.000192	0.002376
cluster_9153:22258623-22259599	chr1:22258623-22259599	977	4	0.0877	0.000329	0.003752
cluster_9696:23377711-23379206	chr1:23377711-23379206	1496	3	0.0828	0.000185	0.002234
cluster_9761:23517666-23518445	chr1:23517666-23518445	780	3	0.0817	0.00018	0.002202
cluster_9794:23589926-23590835	chr1:23589926-23590835	910	1	0.0872	7.2e-05	0.000826
cluster_9848:23702506-23703968	chr1:23702506-23703968	1463	2	0.0831	0.000116	0.001396
cluster_10012:24081190-24082919	chr1:24081190-24082919	1730	5	0.0822	0.0003	0.003648
cluster_10078:24200042-24201077	chr1:24200042-24201077	1036	4	0.0830	0.000254	0.003062
cluster_10143:24302985-24304499	chr1:24302985-24304499	1515	6	0.0994	0.000769	0.007738
cluster_10228:24411301-24412227	chr1:24411301-24412227	927	8	0.0928	0.00037	0.003985
cluster_11074:25791835-25793759	chr1:25791835-25793759	1925	9	0.0892	0.000747	0.008371
cluster_11279:26171778-26172447	chr1:26171778-26172447	670	7	0.0863	0.000478	0.005539
cluster_11350:26321595-26322456	chr1:26321595-26322456	862	8	0.0814	0.000472	0.005796
cluster_11732:27102876-27103769	chr1:27102876-27103769	894	9	0.0817	0.000471	0.005762
cluster_11916:27486869-27487994	chr1:27486869-27487994	1126	1	0.0839	6.3e-05	0.000751
cluster_12106:27794629-27795149	chr1:27794629-27795149	521	2	0.0853	0.000128	0.0015
cluster_12158:27870718-27871874	chr1:27870718-27871874	1157	1	0.0771	3.4e-05	0.000441
cluster_12176:27896353-27899106	chr1:27896353-27899106	2754	9	-0.0009	-0.000243	0.274235
cluster_12216:27947554-27949129	chr1:27947554-27949129	1576	5	0.2357	0.069838	0.296346
cluster_12608:28453878-28454727	chr1:28453878-28454727	850	5	0.0751	0.000195	0.002596
cluster_12661:28544641-28545286	chr1:28544641-28545286	646	2	0.0856	0.000144	0.001682
cluster_12777:28718968-28720291	chr1:28718968-28720291	1324	4	0.0696	0.000106	0.001524
cluster_13219:29370584-29371661	chr1:29370584-29371661	1078	6	0.0903	0.000498	0.005512
cluster_13272:29439860-29440805	chr1:29439860-29440805	946	2	0.1498	0.02371	0.158236
cluster_13329:29502935-29503403	chr1:29502935-29503403	469	1	0.0768	3.9e-05	0.000508
cluster_13593:29859841-29860476	chr1:29859841-29860476	636	1	0.0884	7.3e-05	0.000826
cluster_13669:29965998-29966918	chr1:29965998-29966918	921	5	0.0833	0.000312	0.003747
cluster_13741:30063695-30064556	chr1:30063695-30064556	862	4	0.0762	0.000183	0.002403
cluster_13785:30126081-30127728	chr1:30126081-30127728	1648	3	0.0774	0.000137	0.00177
cluster_13798:30137562-30138324	chr1:30137562-30138324	763	3	0.0875	0.000239	0.002731
cluster_13820:30161608-30162474	chr1:30161608-30162474	867	1	0.0827	5.4e-05	0.000653
cluster_13827:30170259-30170886	chr1:30170259-30170886	628	9	0.0794	0.000435	0.005479
cluster_13976:30371561-30373310	chr1:30371561-30373310	1750	4	0.0760	0.000169	0.002223
cluster_13983:30389300-30389923	chr1:30389300-30389923	624	6	0.0932	0.000949	0.010187
cluster_14004:30418097-30419203	chr1:30418097-30419203	1107	9	0.0785	0.000433	0.005515
cluster_14188:30697710-30698450	chr1:30697710-30698450	741	4	0.0866	0.000296	0.003418
cluster_14205:30720411-30721400	chr1:30720411-30721400	990	7	0.7575	0.601545	0.794171
cluster_14419:31033369-31034096	chr1:31033369-31034096	728	6	0.0744	0.000233	0.003132
cluster_14855:31713053-31713616	chr1:31713053-31713616	564	2	0.0833	0.000128	0.001536
cluster_15017:31928257-31928920	chr1:31928257-31928920	664	6	0.1089	0.000932	0.008557
cluster_15116:32082223-32082699	chr1:32082223-32082699	477	4	0.0820	0.000233	0.002841
cluster_15166:32167540-32170008	chr1:32167540-32170008	2469	1	0.3537	0.130901	0.370117
cluster_15220:32258090-32260576	chr1:32258090-32260576	2487	9	0.1113	0.011718	0.105261
cluster_15406:32558167-32558852	chr1:32558167-32558852	686	2	0.0800	9e-05	0.001125
cluster_15431:32609339-32610157	chr1:32609339-32610157	819	9	0.0854	0.000633	0.007416
cluster_15449:32639276-32640503	chr1:32639276-32640503	1228	1	0.0752	4.1e-05	0.000545
cluster_15457:32657180-32657803	chr1:32657180-32657803	624	1	0.0881	8.4e-05	0.000953
cluster_15555:32812032-32812881	chr1:32812032-32812881	850	4	0.0830	0.000251	0.003024
cluster_15766:33134727-33135262	chr1:33134727-33135262	536	5	0.0881	0.001301	0.014764
cluster_15866:33275872-33276905	chr1:33275872-33276905	1034	7	0.0849	0.000483	0.005692
cluster_15907:33333258-33333838	chr1:33333258-33333838	581	3	0.0848	0.00021	0.002476
cluster_15945:33379607-33381753	chr1:33379607-33381753	2147	8	0.0777	0.000314	0.004043
cluster_16184:33736859-33737597	chr1:33736859-33737597	739	5	0.0781	0.035931	0.459924
cluster_16198:33761852-33762981	chr1:33761852-33762981	1130	5	0.0814	0.000283	0.003478
cluster_17361:36969619-36971057	chr1:36969619-36971057	1439	3	0.0839	0.000188	0.002241
cluster_17762:38197971-38200295	chr1:38197971-38200295	2325	6	0.0487	0.023106	0.474246
cluster_19249:42339652-42342847	chr1:42339652-42342847	3196	1	0.0827	5.4e-05	0.000653
cluster_19815:43840195-43841357	chr1:43840195-43841357	1163	8	0.0845	0.000545	0.006448
cluster_20028:44415221-44417962	chr1:44415221-44417962	2742	2	0.0852	0.00014	0.001644
cluster_20124:44685788-44686962	chr1:44685788-44686962	1175	4	0.0790	0.000168	0.002127
cluster_20132:44702238-44703714	chr1:44702238-44703714	1477	8	0.0852	0.000292	0.003427
cluster_20321:45162136-45163030	chr1:45162136-45163030	895	3	0.0806	0.000124	0.001538
cluster_20687:46078307-46081175	chr1:46078307-46081175	2869	7	-0.0016	-0.00076	0.4857
cluster_20698:46107107-46108915	chr1:46107107-46108915	1809	9	0.0850	0.000389	0.004574
cluster_20955:46766734-46767804	chr1:46766734-46767804	1071	8	0.0773	0.000379	0.004902
