Model	Replicate	log-likelihood	AIC	chi-squared	theta	optimized_params(nu1, nu2, m, T)
sym_mig	Round_1_Replicate_1	-54841.5	109691.0	185832.37	98338.5	0.6925,3.7791,0.0469,0.498
sym_mig	Round_1_Replicate_2	-101803.76	203615.52	220157.32	119787.6	0.324,0.8062,0.2917,1.9779
sym_mig	Round_1_Replicate_3	-96420.4	192848.8	330006.25	45013.9	2.967,4.7768,0.0608,1.9948
sym_mig	Round_1_Replicate_4	-91691.34	183390.68	403366.73	62561.91	2.1839,2.5962,0.2377,1.3735
sym_mig	Round_1_Replicate_5	-63426.56	126861.12	196689.67	52517.42	1.8293,3.7791,0.0773,1.9314
sym_mig	Round_1_Replicate_6	-105672.22	211352.44	262126.8	176347.58	0.4204,0.3434,1.8512,0.6079
sym_mig	Round_1_Replicate_7	-76872.94	153753.88	384833.19	98578.41	0.9065,3.6129,0.1147,0.4508
sym_mig	Round_1_Replicate_8	-232058.52	464125.04	5037904.52	58475.83	1.6696,2.6632,0.9756,1.9927
sym_mig	Round_1_Replicate_9	-559899.68	1119807.36	339594708.17	71584.51	4.95,4.95,1.98,0.6033
sym_mig	Round_1_Replicate_10	-215078.38	430164.76	491081.78	185115.88	0.2657,0.3158,0.271,1.0966
sym_mig	Round_2_Replicate_1	-32804.43	65616.86	83802.47	92250.89	0.9504,1.769,0.0742,0.8245
sym_mig	Round_2_Replicate_2	-67585.49	135178.98	198252.44	61941.83	1.6211,3.5022,0.0286,1.3799
sym_mig	Round_2_Replicate_3	-46070.4	92148.8	137055.75	93596.8	0.7568,2.1526,0.0243,0.7724
sym_mig	Round_2_Replicate_4	-31230.05	62468.1	85290.35	129059.72	0.5004,1.4392,0.0445,0.302
sym_mig	Round_2_Replicate_5	-24808.61	49625.22	61758.81	119371.12	0.6268,1.3314,0.0162,0.4381
sym_mig	Round_2_Replicate_6	-24298.24	48604.48	58724.66	125799.44	0.5756,1.2301,0.0116,0.3707
sym_mig	Round_2_Replicate_7	-120379.27	240766.54	514850.49	67743.97	3.2301,2.684,0.0136,0.9139
sym_mig	Round_2_Replicate_8	-68797.8	137603.6	216938.88	132528.44	0.2917,3.2741,0.0111,0.2171
sym_mig	Round_2_Replicate_9	-23821.21	47650.42	53157.49	138841.96	0.4388,0.9746,0.0274,0.3137
sym_mig	Round_2_Replicate_10	-25263.91	50535.82	56492.74	140040.96	0.439,0.9886,0.0125,0.2791
sym_mig	Round_3_Replicate_1	-19730.57	39469.14	46107.9	118964.83	0.5732,1.2229,0.2363,0.5459
sym_mig	Round_3_Replicate_2	-19445.87	38899.74	43660.16	123505.12	0.5444,1.0988,0.2628,0.5252
sym_mig	Round_3_Replicate_3	-19445.85	38899.7	43659.77	123502.15	0.5445,1.0989,0.2625,0.5251
sym_mig	Round_3_Replicate_4	-19446.9	38901.8	43583.97	123639.83	0.5438,1.0935,0.264,0.5257
sym_mig	Round_3_Replicate_5	-19528.22	39064.44	42951.8	126535.29	0.5247,1.0367,0.2764,0.5054
sym_mig	Round_4_Replicate_1	-19445.85	38899.7	43662.2	123498.51	0.5444,1.0991,0.2624,0.5251
sym_mig	Round_4_Replicate_2	-19445.85	38899.7	43661.8	123499.21	0.5444,1.0991,0.2624,0.5251
sym_mig	Round_4_Replicate_3	-19445.85	38899.7	43662.03	123498.99	0.5444,1.0991,0.2624,0.5251
sym_mig	Round_4_Replicate_4	-19445.97	38899.94	43657.56	123543.48	0.5438,1.0987,0.2629,0.5249
sym_mig	Round_4_Replicate_5	-19445.85	38899.7	43661.27	123501.79	0.5444,1.099,0.2624,0.5251
